ID: 33285.0
w_panel1: 9554.228546222035
F2: 9173.983162811619
w_panel2: 8608.99908357709
v706: 8154.260584978559
w_jews_panel1: 4908.01561273679
w_jews_panel2: 4655.005727112788
v8_code1: 2160.8888216417945
w_arabs_panel1: 1761.3515269452773
v47: 1711.7831414419954
F9: 1688.0175982509875
v111: 1682.2299982376203
v49i: 1563.3932002716053
v50: 1536.508779795804
v49k: 1521.6665005286932
v49z: 1469.9078391997384
v52a: 1469.5683506044456
v49a: 1453.7281364885298
v52c: 1412.0430842497803
v49f: 1394.923787563744
v49s: 1383.2381390335577
v144: 1377.1360670274385
v48: 1376.0689845642746
v49c: 1331.5943832533624
N50: 1278.0154269579662
v138_code: 1242.0261763299623
age: 1205.072406529549
v49j: 1191.0608884281569
v107: 1157.5216919196246
w_arabs_panel2: 1155.8124092229484
v134: 1150.237932560563
v49h: 1119.6715224339855
v620: 1055.2499960114765
v49y: 979.605643527203
v51: 978.1280212902375
v131: 968.1747936034776
v19: 947.8808283340137
v130: 944.255897941433
v52b: 938.6325686307723
v53: 922.688573182692
v21: 900.6760314916647
v8_code2: 883.156138945257
v622a: 862.9008965999158
v707a: 860.3815814919801
v49b: 852.8223794285453
v704: 847.994316085251
v36: 845.5490830555152
v143_code: 843.1604691531611
date_after: 808.5825183526799
language‎: 775.0513867767684
sector: 769.4632075862805
v705: 747.1193551668082
N51: 731.9122332589757
v623: 731.1564968746759
N1: 728.1455526688085
N622a: 692.2922497097155
v620z: 640.4423579320346
N623: 630.5307358179491
v115: 628.8603503591582
v701: 615.5176446314917
v12: 601.579332672171
N11: 554.1423153997966
v703: 547.1505968804793
v620h: 540.1348414722886
v620c: 536.4651967880899
v106: 516.8051835167132
v620f: 514.9611598965251
F7: 510.7632642567953
v15a: 508.74239319808646
v601: 498.75278239354986
v141: 498.4121361230336
date_telephone: 497.0518901860816
v700: 487.97100233527334
F110: 480.6084788761232
v707b: 463.77098359626916
v11: 455.488253351416
v707c: 454.31526920391946
F3: 453.857802108176
v22: 434.68457475822305
F1: 433.5224714428567
v620a: 430.2425754860127
v620b: 428.28272217186816
v137: 427.2264840863925
v506: 414.613992717109
v620y: 362.2263500199515
educ: 359.82865105163216
v127: 346.2456787142935
v712: 340.17358201374714
v116: 329.21532908861013
v69: 322.9606625658538
age_group: 307.5875380510512
v6: 306.27596668262197
data_collection: 302.5599619535372
date: 298.95093906536283
v15c: 296.96520586227666
v620j: 294.7343223243728
v9: 293.89324026056863
v123: 293.04851681907553
v620i: 291.2007293502553
v25: 285.9646294314439
v609: 280.3162869793449
v620k: 278.39379387009967
v620s: 275.0584101313599
v140: 273.34683316601553
F10: 260.11203377512146
v49t: 247.47151663451226
v513: 243.22488548675656
v20: 242.21032067969603
v63: 238.5130781523895
v109: 237.10342014186193
v65: 235.25085124114085
F5: 229.6266327231895
v601b: 226.02770222075762
v122: 224.55037252004593
v15b: 223.18684029720998
v64: 222.7244810740413
v61: 216.75598764932369
v622b: 196.40336914768727
v110: 194.13523554011104
v68: 191.78215250451768
v8_code3: 189.6888888888889
v125: 185.9914681560315
v66: 184.4962554055338
v120: 181.62174922450956
v14: 174.05828829896086
v10: 174.03079225141028
v73: 173.0299504843001
v119: 164.2978863685396
v58: 162.48905917990777
v504: 161.206766742879
v511: 156.72336341959496
v46: 154.95511658439014
v60: 153.97424048946553
v139: 150.2021555409852
v35: 149.46827192124908
v45: 143.80466676152685
v86: 138.81603958695098
v702: 135.2017204849398
v619: 128.6145300363742
v59: 128.59761650821017
v62: 128.59688878779713
N622b: 128.03554955732457
v708: 125.16987635986136
v126: 117.76093600825732
sex: 117.13019720961417
v510: 110.08379685945577
v128: 107.00584350919223
v121: 104.84131151405803
v89: 98.98962698971728
v33: 97.27949265543306
v29: 96.19331779975417
v30: 84.49080197899879
v28: 73.75741910308649
v27: 57.74363168998827
v104a: 51.25865253360471
Version‎: 32.53083533672419
agree_1: 0.0
citizen‎: 0.0
agree_2: 0.0